
Potential =

    1.0000    0.0400         0  110.0000
    2.0000    0.0600         0   66.6737
    3.0000    0.0800         0   31.1849
    4.0000    0.1000         0         0
    5.0000         0    0.0200  110.0000
    6.0000    0.0200    0.0200  110.0000
    7.0000    0.0400    0.0200  110.0000
    8.0000    0.0600    0.0200   62.7550
    9.0000    0.0800    0.0200   29.0330
   10.0000    0.1000    0.0200         0
   11.0000         0    0.0400   77.3592
   12.0000    0.0200    0.0400   75.4690
   13.0000    0.0400    0.0400   67.8272
   14.0000    0.0600    0.0400   45.3132
   15.0000    0.0800    0.0400   22.1921
   16.0000    0.1000    0.0400         0
   17.0000         0    0.0600   48.4989
   18.0000    0.0200    0.0600   46.6897
   19.0000    0.0400    0.0600   40.5265
   20.0000    0.0600    0.0600   28.4785
   21.0000    0.0800    0.0600   14.4223
   22.0000    0.1000    0.0600         0
   23.0000         0    0.0800   23.2569
   24.0000    0.0200    0.0800   22.2643
   25.0000    0.0400    0.0800   19.1107
   26.0000    0.0600    0.0800   13.6519
   27.0000    0.0800    0.0800    7.0186
   28.0000    0.1000    0.0800         0
   29.0000         0    0.1000         0
   30.0000    0.0200    0.1000         0
   31.0000    0.0400    0.1000         0
   32.0000    0.0600    0.1000         0
   33.0000    0.0800    0.1000         0
   34.0000    0.1000    0.1000         0